35,-7,6.747792,45.58177,0.04178075
35.0625,-7,6.735859,45.64429,0.04178075
35.125,-7,6.721906,45.69801,0.04178075
35.1875,-7,6.705908,45.74242,0.04178075
35.25,-7,6.687686,45.77847,0.04178075
35.3125,-7,6.666317,45.80853,0.04178075
35.375,-7,6.641564,45.81075,0.04178075
35.4375,-7,6.614727,45.7843,0.04178075
35.5,-7,6.587665,45.72389,0.04178075
35.5625,-7,6.56054,45.63272,0.04178075
35.625,-7,6.532367,45.4999,0.04178075
35.6875,-7,6.504284,45.32474,0.04178075
35.75,-7,6.477229,45.10441,0.04178075
35.8125,-7,6.454147,44.85222,0.04178075
35.875,-7,6.43423,44.55032,0.04178075
35.9375,-7,6.420346,44.2156,0.04178075
36,-7,6.411487,43.87028,0.04178075
35,-6.9375,6.751456,45.52261,0.04178075
35.0625,-6.9375,6.739549,45.59093,0.04178075
35.125,-6.9375,6.725501,45.65852,0.04178075
35.1875,-6.9375,6.709332,45.71995,0.04178075
35.25,-6.9375,6.689721,45.77918,0.04178075
35.3125,-6.9375,6.666728,45.83208,0.04178075
35.375,-6.9375,6.638935,45.84263,0.04178075
35.4375,-6.9375,6.609456,45.82205,0.04178075
35.5,-6.9375,6.57973,45.76861,0.04178075
35.5625,-6.9375,6.549235,45.68044,0.04178075
35.625,-6.9375,6.516855,45.54349,0.04178075
35.6875,-6.9375,6.483707,45.35344,0.04178075
35.75,-6.9375,6.452116,45.10116,0.04178075
35.8125,-6.9375,6.426003,44.81698,0.04178075
35.875,-6.9375,6.404572,44.48257,0.04178075
35.9375,-6.9375,6.389181,44.11059,0.04178075
36,-6.9375,6.37946,43.73046,0.04178075
35,-6.875,6.756666,45.45404,0.04178075
35.0625,-6.875,6.745051,45.5329,0.04178075
35.125,-6.875,6.730885,45.61435,0.04178075
35.1875,-6.875,6.713949,45.6972,0.04178075
35.25,-6.875,6.692813,45.78249,0.04178075
35.3125,-6.875,6.667495,45.85484,0.04178075
35.375,-6.875,6.637781,45.88666,0.04178075
35.4375,-6.875,6.605918,45.87469,0.04178075
35.5,-6.875,6.572816,45.83248,0.04178075
35.5625,-6.875,6.538869,45.75943,0.04178075
35.625,-6.875,6.501776,45.62578,0.04178075
35.6875,-6.875,6.462535,45.4158,0.04178075
35.75,-6.875,6.425863,45.12065,0.04178075
35.8125,-6.875,6.39629,44.79037,0.04178075
35.875,-6.875,6.372982,44.42013,0.04178075
35.9375,-6.875,6.355714,44.00881,0.04178075
36,-6.875,6.344871,43.58607,0.04178075
35,-6.8125,6.763572,45.3801,0.04178075
35.0625,-6.8125,6.752434,45.46912,0.04178075
35.125,-6.8125,6.738525,45.56686,0.04178075
35.1875,-6.8125,6.720117,45.67986,0.04178075
35.25,-6.8125,6.696317,45.79253,0.04178075
35.3125,-6.8125,6.669196,45.88248,0.04178075
35.375,-6.8125,6.637726,45.93369,0.04178075
35.4375,-6.8125,6.603188,45.94304,0.04178075
35.5,-6.8125,6.566095,45.91433,0.04178075
35.5625,-6.8125,6.52825,45.85849,0.04178075
35.625,-6.8125,6.486261,45.73985,0.04178075
35.6875,-6.8125,6.440449,45.508,0.04178075
35.75,-6.8125,6.397943,45.1717,0.04178075
35.8125,-6.8125,6.364462,44.79083,0.04178075
35.875,-6.8125,6.338183,44.37242,0.04178075
35.9375,-6.8125,6.318865,43.9162,0.04178075
36,-6.8125,6.306729,43.44632,0.04178075
35,-6.75,6.771791,45.29594,0.04178075
35.0625,-6.75,6.762272,45.40652,0.04178075
35.125,-6.75,6.749638,45.52913,0.04178075
35.1875,-6.75,6.729694,45.68449,0.04178075
35.25,-6.75,6.702497,45.81244,0.04178075
35.3125,-6.75,6.673998,45.92295,0.04178075
35.375,-6.75,6.640943,45.99765,0.04178075
35.4375,-6.75,6.603527,46.03218,0.04178075
35.5,-6.75,6.560524,46.02832,0.04178075
35.5625,-6.75,6.516556,45.98278,0.04178075
35.625,-6.75,6.469353,45.87656,0.04178075
35.6875,-6.75,6.415424,45.63661,0.04178075
35.75,-6.75,6.366823,45.25716,0.04178075
35.8125,-6.75,6.328922,44.82558,0.04178075
35.875,-6.75,6.299485,44.35213,0.04178075
35.9375,-6.75,6.277348,43.82383,0.04178075
36,-6.75,6.264845,43.29385,0.04178075
35,-6.6875,6.787628,45.27259,0.04178075
35.0625,-6.6875,6.779365,45.39988,0.04178075
35.125,-6.6875,6.769938,45.5402,0.04178075
35.1875,-6.6875,6.746648,45.73861,0.04178075
35.25,-6.6875,6.718668,45.87543,0.04178075
35.3125,-6.6875,6.688444,46.01007,0.04178075
35.375,-6.6875,6.652644,46.11088,0.04178075
35.4375,-6.6875,6.609979,46.17164,0.04178075
35.5,-6.6875,6.559764,46.19614,0.04178075
35.5625,-6.6875,6.507124,46.16135,0.04178075
35.625,-6.6875,6.452106,46.05402,0.04178075
35.6875,-6.6875,6.388,45.79218,0.04178075
35.75,-6.6875,6.333318,45.37971,0.04178075
35.8125,-6.6875,6.289569,44.89361,0.04178075
35.875,-6.6875,6.25522,44.33212,0.04178075
35.9375,-6.6875,6.230839,43.72735,0.04178075
36,-6.6875,6.219002,43.11921,0.04178075
35,-6.625,6.804998,45.23289,0.04178075
35.0625,-6.625,6.794559,45.40245,0.04178075
35.125,-6.625,6.782428,45.6031,0.04178075
35.1875,-6.625,6.764719,45.77695,0.04178075
35.25,-6.625,6.739059,45.94111,0.04178075
35.3125,-6.625,6.707463,46.1061,0.04178075
35.375,-6.625,6.668091,46.25055,0.04178075
35.4375,-6.625,6.620697,46.34275,0.04178075
35.5,-6.625,6.562433,46.40276,0.04178075
35.5625,-6.625,6.497406,46.3998,0.04178075
35.625,-6.625,6.432229,46.26112,0.04178075
35.6875,-6.625,6.35591,45.98555,0.04178075
35.75,-6.625,6.294329,45.52297,0.04178075
35.8125,-6.625,6.243713,44.95982,0.04178075
35.875,-6.625,6.20408,44.30744,0.04178075
35.9375,-6.625,6.178463,43.59749,0.04178075
36,-6.625,6.168542,42.8937,0.04178075
35,-6.5625,6.826283,45.17386,0.04178075
35.0625,-6.5625,6.817664,45.36459,0.04178075
35.125,-6.5625,6.804006,45.57309,0.04178075
35.1875,-6.5625,6.784369,45.77453,0.04178075
35.25,-6.5625,6.760258,45.98567,0.04178075
35.3125,-6.5625,6.728125,46.19273,0.04178075
35.375,-6.5625,6.685299,46.40274,0.04178075
35.4375,-6.5625,6.631484,46.54363,0.04178075
35.5,-6.5625,6.563315,46.6447,0.04178075
35.5625,-6.5625,6.48415,46.66543,0.04178075
35.625,-6.5625,6.402344,46.50244,0.04178075
35.6875,-6.5625,6.317719,46.20123,0.04178075
35.75,-6.5625,6.25044,45.68133,0.04178075
35.8125,-6.5625,6.191863,45.04439,0.04178075
35.875,-6.5625,6.144136,44.28289,0.04178075
35.9375,-6.5625,6.117648,43.44451,0.04178075
36,-6.5625,6.109094,42.5751,0.04178075
35,-6.5,6.850494,45.10059,0.04178075
35.0625,-6.5,6.843737,45.30294,0.04178075
35.125,-6.5,6.829713,45.51584,0.04178075
35.1875,-6.5,6.811987,45.76344,0.04178075
35.25,-6.5,6.785608,46.02273,0.04178075
35.3125,-6.5,6.750056,46.29301,0.04178075
35.375,-6.5,6.701295,46.56585,0.04178075
35.4375,-6.5,6.642426,46.75698,0.04178075
35.5,-6.5,6.563913,46.93488,0.04178075
35.5625,-6.5,6.472731,46.95335,0.04178075
35.625,-6.5,6.382132,46.85951,0.04178075
35.6875,-6.5,6.291372,46.51548,0.04178075
35.75,-6.5,6.207959,45.93769,0.04178075
35.8125,-6.5,6.13566,45.1932,0.04178075
35.875,-6.5,6.076204,44.3232,0.04178075
35.9375,-6.5,6.041892,43.21362,0.04178075
36,-6.5,6.034973,42.07388,0.04178075
35,-6.4375,6.879894,45.01847,0.04178075
35.0625,-6.4375,6.875966,45.23668,0.04178075
35.125,-6.4375,6.866066,45.4804,0.04178075
35.1875,-6.4375,6.851792,45.77324,0.04178075
35.25,-6.4375,6.827454,46.09594,0.04178075
35.3125,-6.4375,6.790035,46.43195,0.04178075
35.375,-6.4375,6.737349,46.76538,0.04178075
35.4375,-6.4375,6.667543,47.04956,0.04178075
35.5,-6.4375,6.579116,47.26878,0.04178075
35.5625,-6.4375,6.482182,47.3419,0.04178075
35.625,-6.4375,6.376947,47.21106,0.04178075
35.6875,-6.4375,6.270045,46.95243,0.04178075
35.75,-6.4375,6.166542,46.33412,0.04178075
35.8125,-6.4375,6.077146,45.45658,0.04178075
35.875,-6.4375,5.997429,44.39709,0.04178075
35.9375,-6.4375,5.944493,43.02363,0.04178075
36,-6.4375,5.947446,41.28924,0.04178075
35,-6.375,6.906589,44.86736,0.04178075
35.0625,-6.375,6.908768,45.12549,0.04178075
35.125,-6.375,6.905234,45.40952,0.04178075
35.1875,-6.375,6.89629,45.75049,0.04178075
35.25,-6.375,6.876818,46.13623,0.04178075
35.3125,-6.375,6.841604,46.54142,0.04178075
35.375,-6.375,6.788624,46.95386,0.04178075
35.4375,-6.375,6.715215,47.33201,0.04178075
35.5,-6.375,6.619623,47.62466,0.04178075
35.5625,-6.375,6.50946,47.79985,0.04178075
35.625,-6.375,6.382601,47.7263,0.04178075
35.6875,-6.375,6.249502,47.4043,0.04178075
35.75,-6.375,6.119303,46.87397,0.04178075
35.8125,-6.375,6.001068,45.79701,0.04178075
35.875,-6.375,5.899246,44.32155,0.04178075
35.9375,-6.375,5.812022,42.49436,0.04178075
36,-6.375,5.831675,40.32401,0.04178075
35,-6.3125,6.925198,44.61661,0.04178075
35.0625,-6.3125,6.937166,44.91222,0.04178075
35.125,-6.3125,6.943493,45.25056,0.04178075
35.1875,-6.3125,6.94286,45.64605,0.04178075
35.25,-6.3125,6.932298,46.11732,0.04178075
35.3125,-6.3125,6.903531,46.62396,0.04178075
35.375,-6.3125,6.852882,47.14898,0.04178075
35.4375,-6.3125,6.7771,47.64425,0.04178075
35.5,-6.3125,6.675371,48.07485,0.04178075
35.5625,-6.3125,6.551506,48.39257,0.04178075
35.625,-6.3125,6.400646,48.45694,0.04178075
35.6875,-6.3125,6.23058,48.14584,0.04178075
35.75,-6.3125,6.053847,47.53908,0.04178075
35.8125,-6.3125,5.907538,46.23932,0.04178075
35.875,-6.3125,5.776937,44.43563,0.04178075
35.9375,-6.3125,5.667019,42.14333,0.04178075
36,-6.3125,5.651042,39.17846,0.04178075
35.0625,-6.25,6.954757,44.57261,0.04178075
35.125,-6.25,6.972765,44.94279,0.04178075
35.1875,-6.25,6.987661,45.40686,0.04178075
35.25,-6.25,6.991223,45.98348,0.04178075
35.3125,-6.25,6.972405,46.614,0.04178075
35.375,-6.25,6.929477,47.29718,0.04178075
35.4375,-6.25,6.855819,47.97843,0.04178075
35.5,-6.25,6.750263,48.62066,0.04178075
35.5625,-6.25,6.613158,49.15378,0.04178075
35.625,-6.25,6.437739,49.44021,0.04178075
35.6875,-6.25,6.226494,49.24377,0.04178075
35.75,-6.25,6.004772,48.50325,0.04178075
35.8125,-6.25,5.796553,47.09025,0.04178075
35.875,-6.25,5.629645,44.85452,0.04178075
35.9375,-6.25,5.482168,42.04548,0.04178075
36,-6.25,5.383125,38.11047,0.04178075
35.1875,-6.1875,7.019346,44.95919,0.04178075
35.25,-6.1875,7.042212,45.65261,0.04178075
35.3125,-6.1875,7.044251,46.42832,0.04178075
35.375,-6.1875,7.01846,47.32588,0.04178075
35.4375,-6.1875,6.95321,48.25787,0.04178075
35.5,-6.1875,6.850176,49.17163,0.04178075
35.5625,-6.1875,6.706132,50.02773,0.04178075
35.625,-6.1875,6.507187,50.6855,0.04178075
35.6875,-6.1875,6.246412,50.80958,0.04178075
35.75,-6.1875,5.956598,50.01056,0.04178075
35.8125,-6.1875,5.677763,48.43161,0.04178075
35.875,-6.1875,5.439091,45.95198,0.04178075
35.9375,-6.1875,5.236732,42.59845,0.04178075
36,-6.1875,5.043032,37.86031,0.04178075
35.3125,-6.125,7.11715,45.99477,0.04178075
35.375,-6.125,7.117815,47.15945,0.04178075
35.4375,-6.125,7.063749,48.4095,0.04178075
35.5,-6.125,6.971779,49.60131,0.04178075
35.5625,-6.125,6.833419,50.847,0.04178075
35.625,-6.125,6.618632,51.98882,0.04178075
35.6875,-6.125,6.302595,52.63691,0.04178075
35.75,-6.125,5.932336,51.97923,0.04178075
35.8125,-6.125,5.580886,50.27841,0.04178075
35.875,-6.125,5.257138,47.87513,0.04178075
35.9375,-6.125,4.964231,43.96219,0.04178075
36,-6.125,4.687764,38.78316,0.04178075
35.5,-6.0625,7.106846,49.79846,0.04178075
35.5625,-6.0625,6.998661,51.46243,0.04178075
35.625,-6.0625,6.77867,53.19247,0.04178075
35.6875,-6.0625,6.422939,54.48326,0.04178075
35.75,-6.0625,5.911021,54.46114,0.04178075
35.8125,-6.0625,5.50748,52.90797,0.04178075
35.875,-6.0625,5.078454,50.3359,0.04178075
35.9375,-6.0625,4.685598,46.64001,0.04178075
36,-6.0625,4.353956,41.25828,0.04178075
35.625,-6,7.001067,53.89254,0.04178075
35.6875,-6,6.648519,56.57773,0.04178075
35.75,-6,5.926136,57.54111,0.04178075
35.8125,-6,5.390217,56.40881,0.04178075
35.875,-6,4.889339,53.80582,0.04178075
35.9375,-6,4.435176,49.69786,0.04178075
36,-6,4.062309,44.3708,0.04178075
35.8125,-5.9375,5.324123,60.89354,0.04178075
35.875,-5.9375,4.676457,57.1045,0.04178075
35.9375,-5.9375,4.206371,53.2414,0.04178075
36,-5.9375,3.783595,47.66134,0.04178075
35.8125,-5.875,5.042604,64.8317,0.04178075
35.875,-5.875,4.448626,61.48163,0.04178075
35.9375,-5.875,3.924939,57.93206,0.04178075
36,-5.875,3.470549,51.54236,0.04178075
35.8125,-5.8125,4.91913,68.33417,0.04178075
35.875,-5.8125,4.30334,67.34818,0.04178075
35.9375,-5.8125,3.660645,63.21842,0.04178075
36,-5.8125,3.11676,55.5649,0.04178075
35.875,-5.75,4.012614,75.43176,0.04178075
35.9375,-5.75,3.231347,67.94247,0.04178075
36,-5.75,2.578714,58.89404,0.04178075
35.875,-5.6875,3.582432,84.69107,0.04178075
35.9375,-5.6875,2.496183,77.94117,0.04178075
36,-5.6875,1.981768,75.52079,0.04178075
35.875,-5.625,3.171449,90.09246,0.04178075
35.9375,-5.625,2.32611,87.14324,0.04178075
36,-5.625,1.813111,86.01656,0.04178075
35.875,-5.5625,3.110464,98.66953,0.04178075
35.9375,-5.5625,2.411534,98.17442,0.04178075
36,-5.5625,1.883547,101.283,0.04178075
35.9375,-5.5,2.503611,107.2321,0.04178075
36,-5.5,2.067829,113.3084,0.04178075
35.9375,-5.4375,2.586629,113.7934,0.04178075
36,-5.4375,2.184962,120.0042,0.04178075
35.9375,-5.375,2.704049,120.7433,0.04178075
36,-5.375,2.336743,125.3134,0.04178075
35.75,-5.3125,3.271839,134.0859,0.04178075
35.8125,-5.3125,3.22759,132.9131,0.04178075
35.875,-5.3125,3.197978,130.5347,0.04178075
35.9375,-5.3125,2.858909,126.9647,0.04178075
36,-5.3125,2.541675,129.5383,0.04178075
35.625,-5.25,3.367877,136.6739,0.04178075
35.6875,-5.25,3.305543,135.8819,0.04178075
35.75,-5.25,3.229085,135.1541,0.04178075
35.8125,-5.25,3.148697,134.1008,0.04178075
35.875,-5.25,3.03284,132.8964,0.04178075
35.9375,-5.25,2.897486,132.1683,0.04178075
36,-5.25,2.677172,133.3004,0.04178075
35.5625,-5.1875,3.377942,138.0787,0.04178075
35.625,-5.1875,3.322222,137.6546,0.04178075
35.6875,-5.1875,3.255357,137.0555,0.04178075
35.75,-5.1875,3.177434,136.416,0.04178075
35.8125,-5.1875,3.096882,135.6562,0.04178075
35.875,-5.1875,2.991277,135.1856,0.04178075
35.9375,-5.1875,2.866343,135.3376,0.04178075
36,-5.1875,2.700018,136.427,0.04178075
35.5,-5.125,3.406863,139.5544,0.04178075
35.5625,-5.125,3.348769,139.1214,0.04178075
35.625,-5.125,3.283081,138.5993,0.04178075
35.6875,-5.125,3.211491,138.071,0.04178075
35.75,-5.125,3.133531,137.6261,0.04178075
35.8125,-5.125,3.04971,137.5431,0.04178075
35.875,-5.125,2.961975,137.3699,0.04178075
35.9375,-5.125,2.850987,137.7352,0.04178075
36,-5.125,2.724976,138.8363,0.04178075
35.4375,-5.0625,3.406658,141.0446,0.04178075
35.5,-5.0625,3.369473,140.4944,0.04178075
35.5625,-5.0625,3.311311,140.0628,0.04178075
35.625,-5.0625,3.247795,139.4853,0.04178075
35.6875,-5.0625,3.173322,139.0096,0.04178075
35.75,-5.0625,3.094371,138.711,0.04178075
35.8125,-5.0625,3.019506,138.7583,0.04178075
35.875,-5.0625,2.937179,138.8807,0.04178075
35.9375,-5.0625,2.842122,139.2987,0.04178075
36,-5.0625,2.739705,140.248,0.04178075
35.4375,-5,3.362247,141.5157,0.04178075
35.5,-5,3.323429,141.2318,0.04178075
35.5625,-5,3.272568,140.8315,0.04178075
35.625,-5,3.214155,140.3343,0.04178075
35.6875,-5,3.142491,139.8802,0.04178075
35.75,-5,3.067486,139.6548,0.04178075
35.8125,-5,2.995571,139.7086,0.04178075
35.875,-5,2.920248,140.007,0.04178075
35.9375,-5,2.834088,140.5674,0.04178075
36,-5,2.745916,141.524,0.04178075
35.375,-4.9375,3.361326,142.5482,0.04178075
35.4375,-4.9375,3.330361,142.1564,0.04178075
35.5,-4.9375,3.289037,141.8305,0.04178075
35.5625,-4.9375,3.23918,141.5069,0.04178075
35.625,-4.9375,3.182637,141.0889,0.04178075
35.6875,-4.9375,3.118401,140.7389,0.04178075
35.75,-4.9375,3.049237,140.5963,0.04178075
35.8125,-4.9375,2.98206,140.6936,0.04178075
35.875,-4.9375,2.908708,141.1305,0.04178075
35.9375,-4.9375,2.833389,141.7754,0.04178075
36,-4.9375,2.763423,142.6247,0.04178075
35.3125,-4.875,3.364625,143.2276,0.04178075
35.375,-4.875,3.339377,143.0084,0.04178075
35.4375,-4.875,3.305568,142.718,0.04178075
35.5,-4.875,3.261612,142.3514,0.04178075
35.5625,-4.875,3.212347,142.083,0.04178075
35.625,-4.875,3.159252,141.7621,0.04178075
35.6875,-4.875,3.098751,141.5285,0.04178075
35.75,-4.875,3.033005,141.4859,0.04178075
35.8125,-4.875,2.971813,141.6616,0.04178075
35.875,-4.875,2.89951,142.1971,0.04178075
35.9375,-4.875,2.837823,142.798,0.04178075
36,-4.875,2.782357,143.5346,0.04178075
35.3125,-4.8125,3.346512,143.6651,0.04178075
35.375,-4.8125,3.31866,143.4473,0.04178075
35.4375,-4.8125,3.28352,143.226,0.04178075
35.5,-4.8125,3.242054,142.9487,0.04178075
35.5625,-4.8125,3.193558,142.6377,0.04178075
35.625,-4.8125,3.140526,142.3818,0.04178075
35.6875,-4.8125,3.081441,142.2828,0.04178075
35.75,-4.8125,3.020285,142.2779,0.04178075
35.8125,-4.8125,2.965597,142.6121,0.04178075
35.875,-4.8125,2.900416,143.1149,0.04178075
35.9375,-4.8125,2.848614,143.6428,0.04178075
36,-4.8125,2.801359,144.3039,0.04178075
35.25,-4.75,3.348058,144.1122,0.04178075
35.3125,-4.75,3.330971,144.0714,0.04178075
35.375,-4.75,3.300226,143.8846,0.04178075
35.4375,-4.75,3.266066,143.6887,0.04178075
35.5,-4.75,3.224454,143.4329,0.04178075
35.5625,-4.75,3.179129,143.1886,0.04178075
35.625,-4.75,3.123162,142.9993,0.04178075
35.6875,-4.75,3.063816,142.9323,0.04178075
35.75,-4.75,3.00686,143.0311,0.04178075
35.8125,-4.75,2.954852,143.4723,0.04178075
35.875,-4.75,2.908166,143.8852,0.04178075
35.9375,-4.75,2.863425,144.3923,0.04178075
36,-4.75,2.820403,145.0226,0.04178075
35.25,-4.6875,3.339212,144.5237,0.04178075
35.3125,-4.6875,3.319457,144.4975,0.04178075
35.375,-4.6875,3.288945,144.3638,0.04178075
35.4375,-4.6875,3.252623,144.1575,0.04178075
35.5,-4.6875,3.212284,143.9348,0.04178075
35.5625,-4.6875,3.167708,143.7481,0.04178075
35.625,-4.6875,3.115469,143.6717,0.04178075
35.6875,-4.6875,3.058768,143.6302,0.04178075
35.75,-4.6875,3.002936,143.7861,0.04178075
35.8125,-4.6875,2.95982,144.1823,0.04178075
35.875,-4.6875,2.918972,144.61,0.04178075
35.9375,-4.6875,2.877765,145.1117,0.04178075
36,-4.6875,2.838358,145.7143,0.04178075
35.25,-4.625,3.333325,144.9317,0.04178075
35.3125,-4.625,3.311019,144.9334,0.04178075
35.375,-4.625,3.280119,144.8166,0.04178075
35.4375,-4.625,3.243162,144.6228,0.04178075
35.5,-4.625,3.204111,144.4493,0.04178075
35.5625,-4.625,3.159875,144.3005,0.04178075
35.625,-4.625,3.109439,144.2417,0.04178075
35.6875,-4.625,3.059443,144.3102,0.04178075
35.75,-4.625,3.008027,144.4574,0.04178075
35.8125,-4.625,2.968718,144.8395,0.04178075
35.875,-4.625,2.930528,145.2813,0.04178075
35.9375,-4.625,2.892296,145.786,0.04178075
36,-4.625,2.855466,146.3575,0.04178075
35.25,-4.5625,3.329504,145.3381,0.04178075
35.3125,-4.5625,3.304101,145.3503,0.04178075
35.375,-4.5625,3.272196,145.2299,0.04178075
35.4375,-4.5625,3.235694,145.067,0.04178075
35.5,-4.5625,3.1979,144.9444,0.04178075
35.5625,-4.5625,3.159301,144.8448,0.04178075
35.625,-4.5625,3.109883,144.8379,0.04178075
35.6875,-4.5625,3.061794,144.9048,0.04178075
35.75,-4.5625,3.015996,145.0813,0.04178075
35.8125,-4.5625,2.979184,145.4557,0.04178075
35.875,-4.5625,2.943267,145.895,0.04178075
35.9375,-4.5625,2.907182,146.3851,0.04178075
36,-4.5625,2.872643,146.9368,0.04178075
35.1875,-4.5,3.343822,145.5219,0.04178075
35.25,-4.5,3.326913,145.7181,0.04178075
35.3125,-4.5,3.299629,145.7208,0.04178075
35.375,-4.5,3.267553,145.6283,0.04178075
35.4375,-4.5,3.228198,145.5065,0.04178075
35.5,-4.5,3.183247,145.3385,0.04178075
35.5625,-4.5,3.143628,145.3518,0.04178075
35.625,-4.5,3.11359,145.3917,0.04178075
35.6875,-4.5,3.067471,145.4813,0.04178075
35.75,-4.5,3.024861,145.6599,0.04178075
35.8125,-4.5,2.990574,146.0465,0.04178075
35.875,-4.5,2.956651,146.4719,0.04178075
35.9375,-4.5,2.922468,146.9471,0.04178075
36,-4.5,2.890047,147.4725,0.04178075
35.1875,-4.4375,3.338285,145.8942,0.04178075
35.25,-4.4375,3.323225,146.0748,0.04178075
35.3125,-4.4375,3.29823,146.1003,0.04178075
35.375,-4.4375,3.263231,146.0425,0.04178075
35.4375,-4.4375,3.226994,146.0511,0.04178075
35.5,-4.4375,3.177975,145.8207,0.04178075
35.5625,-4.4375,3.141783,145.7145,0.04178075
35.625,-4.4375,3.112878,145.8406,0.04178075
35.6875,-4.4375,3.074877,146.0123,0.04178075
35.75,-4.4375,3.035903,146.2308,0.04178075
35.8125,-4.4375,3.002976,146.614,0.04178075
35.875,-4.4375,2.970857,147.0275,0.04178075
35.9375,-4.4375,2.938075,147.469,0.04178075
36,-4.4375,2.907884,147.9712,0.04178075
35.1875,-4.375,3.334765,146.1484,0.04178075
35.25,-4.375,3.320436,146.4025,0.04178075
35.3125,-4.375,3.29551,146.4456,0.04178075
35.375,-4.375,3.261849,146.424,0.04178075
35.4375,-4.375,3.22381,146.4171,0.04178075
35.5,-4.375,3.187753,146.4666,0.04178075
35.5625,-4.375,3.154252,146.1879,0.04178075
35.625,-4.375,3.122966,146.2817,0.04178075
35.6875,-4.375,3.085058,146.5001,0.04178075
35.75,-4.375,3.04735,146.7512,0.04178075
35.8125,-4.375,3.016187,147.1406,0.04178075
35.875,-4.375,2.985812,147.5452,0.04178075
35.9375,-4.375,2.955267,147.9733,0.04178075
36,-4.375,2.926584,148.4639,0.04178075
35.1875,-4.3125,3.332898,146.3428,0.04178075
35.25,-4.3125,3.318506,146.6676,0.04178075
35.3125,-4.3125,3.293864,146.7686,0.04178075
35.375,-4.3125,3.263013,146.7637,0.04178075
35.4375,-4.3125,3.22717,146.7305,0.04178075
35.5,-4.3125,3.194901,146.7983,0.04178075
35.5625,-4.3125,3.17232,146.8646,0.04178075
35.625,-4.3125,3.136009,146.784,0.04178075
35.6875,-4.3125,3.096503,146.9772,0.04178075
35.75,-4.3125,3.059637,147.2315,0.04178075
35.8125,-4.3125,3.030225,147.6251,0.04178075
35.875,-4.3125,3.00102,148.0245,0.04178075
35.9375,-4.3125,2.971895,148.4484,0.04178075
36,-4.3125,2.944593,148.9292,0.04178075
35.25,-4.25,3.317759,146.9044,0.04178075
35.3125,-4.25,3.294349,147.0621,0.04178075
35.375,-4.25,3.265862,147.0984,0.04178075
35.4375,-4.25,3.232757,147.1019,0.04178075
35.5,-4.25,3.200999,147.1259,0.04178075
35.5625,-4.25,3.173509,147.2326,0.04178075
35.625,-4.25,3.144111,147.2769,0.04178075
35.6875,-4.25,3.107651,147.4353,0.04178075
35.75,-4.25,3.072078,147.683,0.04178075
35.8125,-4.25,3.044256,148.0794,0.04178075
35.875,-4.25,3.016233,148.4753,0.04178075
35.9375,-4.25,2.988552,148.8934,0.04178075
36,-4.25,2.962424,149.3671,0.04178075
35.25,-4.1875,3.315375,147.1254,0.04178075
35.3125,-4.1875,3.295151,147.3371,0.04178075
35.375,-4.1875,3.268923,147.4379,0.04178075
35.4375,-4.1875,3.238489,147.4459,0.04178075
35.5,-4.1875,3.208676,147.5051,0.04178075
35.5625,-4.1875,3.181658,147.6097,0.04178075
35.625,-4.1875,3.151923,147.7349,0.04178075
35.6875,-4.1875,3.117872,147.8853,0.04178075
35.75,-4.1875,3.084249,148.1178,0.04178075
35.8125,-4.1875,3.057923,148.5142,0.04178075
35.875,-4.1875,3.031065,148.9129,0.04178075
35.9375,-4.1875,3.003958,149.3203,0.04178075
36,-4.1875,2.978084,149.7761,0.04178075
35.25,-4.125,3.316264,147.3349,0.04178075
35.3125,-4.125,3.296896,147.6252,0.04178075
35.375,-4.125,3.272277,147.7687,0.04178075
35.4375,-4.125,3.243402,147.8138,0.04178075
35.5,-4.125,3.216036,147.9033,0.04178075
35.5625,-4.125,3.190559,147.974,0.04178075
35.625,-4.125,3.160908,148.1276,0.04178075
35.6875,-4.125,3.12791,148.3023,0.04178075
35.75,-4.125,3.094917,148.5151,0.04178075
35.8125,-4.125,3.071541,148.9363,0.04178075
35.875,-4.125,3.045529,149.3359,0.04178075
35.9375,-4.125,3.018808,149.7337,0.04178075
36,-4.125,2.993207,150.1628,0.04178075
35.25,-4.0625,3.316763,147.5461,0.04178075
35.3125,-4.0625,3.301991,147.9254,0.04178075
35.375,-4.0625,3.276243,148.1411,0.04178075
35.4375,-4.0625,3.2497,148.2405,0.04178075
35.5,-4.0625,3.222835,148.3704,0.04178075
35.5625,-4.0625,3.201926,148.3847,0.04178075
35.625,-4.0625,3.17306,148.53,0.04178075
35.6875,-4.0625,3.137794,148.7129,0.04178075
35.75,-4.0625,3.100618,148.91,0.04178075
35.8125,-4.0625,3.082176,149.3855,0.04178075
35.875,-4.0625,3.060472,149.756,0.04178075
35.9375,-4.0625,3.033091,150.1351,0.04178075
36,-4.0625,3.007679,150.5281,0.04178075
35.25,-4,3.327178,147.5978,0.04178075
35.3125,-4,3.307853,148.2638,0.04178075
35.375,-4,3.281054,148.4812,0.04178075
35.4375,-4,3.25082,148.6211,0.04178075
35.5,-4,3.229579,148.7055,0.04178075
35.5625,-4,3.212001,148.8118,0.04178075
35.625,-4,3.184076,148.9492,0.04178075
35.6875,-4,3.148157,149.1336,0.04178075
35.75,-4,3.109742,149.3685,0.04178075
35.8125,-4,3.090925,149.8659,0.04178075
35.875,-4,3.074373,150.2108,0.04178075
35.9375,-4,3.046713,150.5353,0.04178075
36,-4,3.021963,150.8948,0.04178075
35.25,-3.9375,3.342058,148.2169,0.04178075
35.3125,-3.9375,3.311975,148.6191,0.04178075
35.375,-3.9375,3.279027,148.8116,0.04178075
35.4375,-3.9375,3.255364,148.9744,0.04178075
35.5,-3.9375,3.233115,149.1873,0.04178075
35.5625,-3.9375,3.215697,149.1867,0.04178075
35.625,-3.9375,3.193048,149.3357,0.04178075
35.6875,-3.9375,3.160267,149.5295,0.04178075
35.75,-3.9375,3.125516,149.7969,0.04178075
35.8125,-3.9375,3.106901,150.1918,0.04178075
35.875,-3.9375,3.08553,150.6288,0.04178075
35.9375,-3.9375,3.059874,150.9315,0.04178075
36,-3.9375,3.035873,151.2611,0.04178075
35.25,-3.875,3.332987,148.6574,0.04178075
35.3125,-3.875,3.314811,148.9247,0.04178075
35.375,-3.875,3.284493,149.155,0.04178075
35.4375,-3.875,3.256727,149.4313,0.04178075
35.5,-3.875,3.237032,149.5957,0.04178075
35.5625,-3.875,3.219224,149.6797,0.04178075
35.625,-3.875,3.203373,149.6456,0.04178075
35.6875,-3.875,3.173368,149.8854,0.04178075
35.75,-3.875,3.141552,150.1555,0.04178075
35.8125,-3.875,3.120195,150.535,0.04178075
35.875,-3.875,3.09639,150.9643,0.04178075
35.9375,-3.875,3.073004,151.2996,0.04178075
36,-3.875,3.049545,151.6283,0.04178075
35.25,-3.8125,3.330734,148.8246,0.04178075
35.3125,-3.8125,3.320454,149.1426,0.04178075
35.375,-3.8125,3.298074,149.5059,0.04178075
35.4375,-3.8125,3.266948,149.8094,0.04178075
35.5,-3.8125,3.245737,149.9337,0.04178075
35.5625,-3.8125,3.235126,150.2057,0.04178075
35.625,-3.8125,3.214473,150.0052,0.04178075
35.6875,-3.8125,3.187692,150.2296,0.04178075
35.75,-3.8125,3.15605,150.4937,0.04178075
35.8125,-3.8125,3.133579,150.8815,0.04178075
35.875,-3.8125,3.10944,151.298,0.04178075
35.9375,-3.8125,3.086266,151.6498,0.04178075
36,-3.8125,3.063125,152.0016,0.04178075
35.3125,-3.75,3.33752,149.2755,0.04178075
35.375,-3.75,3.314432,149.9713,0.04178075
35.4375,-3.75,3.285553,150.3393,0.04178075
35.5,-3.75,3.250137,150.7634,0.04178075
35.5625,-3.75,3.249548,150.5473,0.04178075
35.625,-3.75,3.219096,150.6156,0.04178075
35.6875,-3.75,3.199912,150.6354,0.04178075
35.75,-3.75,3.169952,150.8413,0.04178075
35.8125,-3.75,3.14741,151.2274,0.04178075
35.875,-3.75,3.123264,151.6335,0.04178075
35.9375,-3.75,3.099791,151.9944,0.04178075
36,-3.75,3.076118,152.3706,0.04178075
35.3125,-3.6875,3.373718,149.7486,0.04178075
35.375,-3.6875,3.330464,150.4385,0.04178075
35.4375,-3.6875,3.290905,150.8435,0.04178075
35.5,-3.6875,3.262134,151.0641,0.04178075
35.5625,-3.6875,3.237956,151.1562,0.04178075
35.625,-3.6875,3.210385,151.0739,0.04178075
35.6875,-3.6875,3.201312,151.0624,0.04178075
35.75,-3.6875,3.182927,151.1875,0.04178075
35.8125,-3.6875,3.160275,151.5764,0.04178075
35.875,-3.6875,3.136498,151.9697,0.04178075
35.9375,-3.6875,3.112117,152.3452,0.04178075
36,-3.6875,3.087756,152.7283,0.04178075
35.3125,-3.625,3.383538,150.5505,0.04178075
35.375,-3.625,3.341229,150.9352,0.04178075
35.4375,-3.625,3.301867,151.2689,0.04178075
35.5,-3.625,3.271124,151.5349,0.04178075
35.5625,-3.625,3.230788,151.6035,0.04178075
35.625,-3.625,3.201767,151.7213,0.04178075
35.6875,-3.625,3.199605,151.6842,0.04178075
35.75,-3.625,3.194455,151.5135,0.04178075
35.8125,-3.625,3.17446,151.9107,0.04178075
35.875,-3.625,3.150047,152.3168,0.04178075
35.9375,-3.625,3.125552,152.7048,0.04178075
36,-3.625,3.101065,153.1001,0.04178075
35.25,-3.5625,3.422034,150.8972,0.04178075
35.3125,-3.5625,3.389864,151.1831,0.04178075
35.375,-3.5625,3.349638,151.4381,0.04178075
35.4375,-3.5625,3.308928,151.6826,0.04178075
35.5,-3.5625,3.273918,151.9731,0.04178075
35.5625,-3.5625,3.229196,152.2207,0.04178075
35.625,-3.5625,3.21187,152.3153,0.04178075
35.6875,-3.5625,3.20222,152.2428,0.04178075
35.75,-3.5625,3.200673,152.0128,0.04178075
35.8125,-3.5625,3.188894,152.2661,0.04178075
35.875,-3.5625,3.164619,152.6666,0.04178075
35.9375,-3.5625,3.13872,153.042,0.04178075
36,-3.5625,3.113812,153.4527,0.04178075
35.25,-3.5,3.423902,151.364,0.04178075
35.3125,-3.5,3.395298,151.6848,0.04178075
35.375,-3.5,3.359214,151.8949,0.04178075
35.4375,-3.5,3.321012,152.0651,0.04178075
35.5,-3.5,3.279044,152.3314,0.04178075
35.5625,-3.5,3.241565,152.6538,0.04178075
35.625,-3.5,3.216585,152.8976,0.04178075
35.6875,-3.5,3.220867,152.6745,0.04178075
35.75,-3.5,3.205289,152.7363,0.04178075
35.8125,-3.5,3.199387,152.704,0.04178075
35.875,-3.5,3.180159,153.0399,0.04178075
35.9375,-3.5,3.15078,153.4354,0.04178075
36,-3.5,3.125952,153.811,0.04178075
